## x_o_a x T n                                                                                                                                                                           
##                                                                                                                                                                                       
0 0 2.70164 4.94066                                                                                                                                                                      
0.00138782 0.000834403 2.70164 4.94066                                                                                                                                                   
0.00277566 0.00166882 2.70164 4.94066                                                                                                                                                    
0.00416355 0.00250327 2.70164 4.94066                                                                                                                                                    
0.00555151 0.00333776 2.70164 4.94066                                                                                                                                                    
0.00693956 0.0041723 2.70164 4.94066                                                                                                                                                     
0.00832772 0.00500691 2.70164 4.94066                                                                                                                                                    
0.00971601 0.0058416 2.70164 4.94066                                                                                                                                                     
0.0111044 0.00667637 2.70164 4.94066                                                                                                                                                     
0.012493 0.00751123 2.70164 4.94066                                                                                                                                                      
0.0138817 0.00834618 2.70164 4.94066                                                                                                                                                     
0.0152706 0.00918122 2.70164 4.94066                                                                                                                                                     
0.0166596 0.0100164 2.70164 4.94066                                                                                                                                                      
0.0180488 0.0108516 2.70164 4.94066                                                                                                                                                      
0.0194381 0.0116869 2.70164 4.94066                                                                                                                                                      
0.0208276 0.0125223 2.70164 4.94066                                                                                                                                                      
0.0222171 0.0133577 2.70164 4.94066                                                                                                                                                      
0.0236068 0.0141932 2.70164 4.94066                                                                                                                                                      
0.0249966 0.0150288 2.70164 4.94066                                                                                                                                                      
0.0263864 0.0158644 2.70164 4.94066                                                                                                                                                      
0.0277763 0.0167001 2.70164 4.94066                                                                                                                                                      
0.0291663 0.0175358 2.70164 4.94066                                                                                                                                                      
0.0305564 0.0183716 2.70164 4.94066                                                                                                                                                      
0.0319465 0.0192074 2.70164 4.94066                                                                                                                                                      
0.0333367 0.0200432 2.70164 4.94066                                                                                                                                                      
0.034727 0.0208791 2.70164 4.94066                                                                                                                                                       
0.0361174 0.021715 2.70164 4.94066                                                                                                                                                       
0.0375079 0.022551 2.70164 4.94066                                                                                                                                                       
0.0388985 0.0233871 2.70164 4.94066                                                                                                                                                      
0.0402892 0.0242232 2.70164 4.94066                                                                                                                                                      
0.04168 0.0250595 2.70164 4.94066                                                                                                                                                        
0.043071 0.0258958 2.70164 4.94066                                                                                                                                                       
0.0444621 0.0267321 2.70164 4.94066                                                                                                                                                      
0.0458534 0.0275686 2.70164 4.94066                                                                                                                                                      
0.0472448 0.0284052 2.70164 4.94066                                                                                                                                                      
0.0486365 0.0292419 2.70164 4.94066                                                                                                                                                      
0.0500283 0.0300787 2.70164 4.94066                                                                                                                                                      
0.0514203 0.0309157 2.70164 4.94066                                                                                                                                                      
0.0528125 0.0317527 2.70164 4.94066                                                                                                                                                      
0.0542049 0.0325898 2.70164 4.94066                                                                                                                                                      
0.0555975 0.0334271 2.70164 4.94066                                                                                                                                                      
0.0569902 0.0342645 2.70164 4.94066                                                                                                                                                      
0.0583832 0.035102 2.70164 4.94066                                                                                                                                                       
0.0597764 0.0359396 2.70164 4.94066                                                                                                                                                      
0.0611698 0.0367774 2.70164 4.94066                                                                                                                                                      
0.0625634 0.0376153 2.70164 4.94066                                                                                                                                                      
0.0639572 0.0384532 2.70164 4.94066                                                                                                                                                      
0.0653512 0.0392914 2.70164 4.94066                                                                                                                                                      
0.0667454 0.0401296 2.70164 4.94066                                                                                                                                                      
0.0681398 0.040968 2.70164 4.94066                                                                                                                                                       
0.0695344 0.0418065 2.70164 4.94066                                                                                                                                                      
0.0709293 0.0426451 2.70164 4.94066                                                                                                                                                      
0.0723244 0.0434839 2.70164 4.94066                                                                                                                                                      
0.0737197 0.0443228 2.70164 4.94066                                                                                                                                                      
0.0751152 0.0451619 2.70164 4.94066                                                                                                                                                      
0.076511 0.0460011 2.70164 4.94066                                                                                                                                                       
0.0779071 0.0468404 2.70164 4.94066                                                                                                                                                      
0.0793034 0.0476799 2.70164 4.94066                                                                                                                                                      
0.0807 0.0485196 2.70164 4.94066                                                                                                                                                         
0.0820968 0.0493594 2.70164 4.94066                                                                                                                                                      
0.0834939 0.0501994 2.70164 4.94066                                                                                                                                                      
0.0848913 0.0510396 2.70164 4.94066                                                                                                                                                      
0.086289 0.0518799 2.70164 4.94066                                                                                                                                                       
0.087687 0.0527205 2.70164 4.94066                                                                                                                                                       
0.0890853 0.0535612 2.70164 4.94066                                                                                                                                                      
0.0904839 0.0544021 2.70164 4.94066                                                                                                                                                      
0.0918828 0.0552431 2.70164 4.94066                                                                                                                                                      
0.0932821 0.0560844 2.70164 4.94066                                                                                                                                                      
0.0946816 0.0569258 2.70164 4.94066                                                                                                                                                      
0.0960814 0.0577675 2.70164 4.94066                                                                                                                                                      
0.0974816 0.0586093 2.70164 4.94066                                                                                                                                                      
0.0988821 0.0594513 2.70164 4.94066                                                                                                                                                      
0.100283 0.0602936 2.70164 4.94066                                                                                                                                                       
0.101684 0.061136 2.70164 4.94066                                                                                                                                                        
0.103086 0.0619786 2.70164 4.94066                                                                                                                                                       
0.104488 0.0628215 2.70164 4.94066                                                                                                                                                       
0.10589 0.0636646 2.70164 4.94066                                                                                                                                                        
0.107292 0.0645079 2.70164 4.94066                                                                                                                                                       
0.108695 0.0653514 2.70164 4.94066                                                                                                                                                       
0.110099 0.0661952 2.70164 4.94066                                                                                                                                                       
0.111503 0.0670392 2.70164 4.94066                                                                                                                                                       
0.112907 0.0678835 2.70164 4.94066                                                                                                                                                       
0.114312 0.0687281 2.70164 4.94066                                                                                                                                                       
0.115717 0.0695729 2.70164 4.94066                                                                                                                                                       
0.117122 0.0704179 2.70164 4.94066                                                                                                                                                       
0.118528 0.0712633 2.70163 4.94066                                                                                                                                                       
0.119935 0.0721089 2.70163 4.94066                                                                                                                                                       
0.121342 0.0729549 2.70163 4.94066                                                                                                                                                       
0.122749 0.0738011 2.70163 4.94066                                                                                                                                                       
0.124157 0.0746477 2.70163 4.94066                                                                                                                                                       
0.125566 0.0754946 2.70163 4.94066                                                                                                                                                       
0.126975 0.0763417 2.70163 4.94066                                                                                                                                                       
0.128385 0.0771893 2.70163 4.94066                                                                                                                                                       
0.129795 0.0780371 2.70163 4.94066                                                                                                                                                       
0.131205 0.0788853 2.70163 4.94066                                                                                                                                                       
0.132617 0.0797338 2.70164 4.94066                                                                                                                                                       
0.134029 0.0805826 2.70164 4.94066                                                                                                                                                       
0.135441 0.0814318 2.70164 4.94066                                                                                                                                                       
0.136854 0.0822814 2.70164 4.94066                                                                                                                                                       
0.138268 0.0831313 2.70164 4.94066                                                                                                                                                       
0.139682 0.0839817 2.70164 4.94066                                                                                                                                                       
0.141097 0.0848323 2.70164 4.94066                                                                                                                                                       
0.142512 0.0856834 2.70164 4.94066                                                                                                                                                       
0.143929 0.0865349 2.70164 4.94066                                                                                                                                                       
0.145345 0.0873867 2.70164 4.94066                                                                                                                                                       
0.146763 0.088239 2.70164 4.94066                                                                                                                                                        
0.148181 0.0890916 2.70163 4.94066                                                                                                                                                       
0.1496 0.0899447 2.70163 4.94066                                                                                                                                                         
0.15102 0.0907982 2.70163 4.94066                                                                                                                                                        
0.15244 0.0916522 2.70163 4.94066                                                                                                                                                        
0.153861 0.0925065 2.70163 4.94066                                                                                                                                                       
0.155283 0.0933613 2.70163 4.94066                                                                                                                                                       
0.156705 0.0942166 2.70163 4.94066                                                                                                                                                       
0.158129 0.0950723 2.70163 4.94066                                                                                                                                                       
0.159553 0.0959285 2.70163 4.94066                                                                                                                                                       
0.160977 0.0967851 2.70163 4.94066                                                                                                                                                       
0.162403 0.0976422 2.70164 4.94066                                                                                                                                                       
0.163829 0.0984998 2.70164 4.94066                                                                                                                                                       
0.165256 0.0993579 2.70164 4.94066                                                                                                                                                       
0.166684 0.100216 2.70164 4.94066                                                                                                                                                        
0.168113 0.101076 2.70164 4.94066                                                                                                                                                        
0.169543 0.101935 2.70164 4.94066                                                                                                                                                        
0.170973 0.102795 2.70164 4.94066                                                                                                                                                        
0.172405 0.103656 2.70164 4.94066                                                                                                                                                        
0.173837 0.104517 2.70164 4.94066                                                                                                                                                        
0.17527 0.105378 2.70164 4.94066                                                                                                                                                         
0.176704 0.106241 2.70163 4.94066                                                                                                                                                        
0.178139 0.107103 2.70163 4.94066                                                                                                                                                        
0.179575 0.107967 2.70163 4.94066                                                                                                                                                        
0.181012 0.10883 2.70163 4.94066                                                                                                                                                         
0.182449 0.109695 2.70163 4.94066                                                                                                                                                        
0.183888 0.11056 2.70163 4.94066                                                                                                                                                         
0.185327 0.111425 2.70163 4.94066                                                                                                                                                        
0.186768 0.112291 2.70163 4.94066                                                                                                                                                        
0.188209 0.113158 2.70163 4.94066                                                                                                                                                        
0.189652 0.114025 2.70164 4.94066                                                                                                                                                        
0.191095 0.114893 2.70164 4.94066                                                                                                                                                        
0.19254 0.115762 2.70164 4.94066                                                                                                                                                         
0.193985 0.116631 2.70164 4.94066                                                                                                                                                        
0.195432 0.1175 2.70164 4.94066                                                                                                                                                          
0.196879 0.118371 2.70164 4.94066                                                                                                                                                        
0.198328 0.119242 2.70164 4.94066                                                                                                                                                        
0.199778 0.120113 2.70164 4.94066                                                                                                                                                        
0.201228 0.120985 2.70164 4.94066                                                                                                                                                        
0.20268 0.121858 2.70163 4.94066                                                                                                                                                         
0.204133 0.122732 2.70163 4.94066                                                                                                                                                        
0.205587 0.123606 2.70163 4.94066                                                                                                                                                        
0.207042 0.124481 2.70163 4.94066                                                                                                                                                        
0.208499 0.125356 2.70163 4.94066                                                                                                                                                        
0.209956 0.126233 2.70163 4.94066                                                                                                                                                        
0.211414 0.12711 2.70163 4.94066                                                                                                                                                         
0.212874 0.127987 2.70163 4.94066                                                                                                                                                        
0.214335 0.128866 2.70164 4.94066                                                                                                                                                        
0.215797 0.129745 2.70164 4.94066                                                                                                                                                        
0.21726 0.130624 2.70164 4.94066                                                                                                                                                         
0.218725 0.131505 2.70164 4.94066                                                                                                                                                        
0.220191 0.132386 2.70164 4.94066                                                                                                                                                        
0.221657 0.133268 2.70164 4.94066                                                                                                                                                        
0.223126 0.134151 2.70164 4.94066                                                                                                                                                        
0.224595 0.135034 2.70164 4.94066                                                                                                                                                        
0.226066 0.135918 2.70163 4.94066                                                                                                                                                        
0.227538 0.136803 2.70163 4.94066                                                                                                                                                        
0.229011 0.137689 2.70163 4.94066                                                                                                                                                        
0.230485 0.138576 2.70163 4.94066                                                                                                                                                        
0.231961 0.139463 2.70163 4.94066                                                                                                                                                        
0.233438 0.140351 2.70163 4.94066                                                                                                                                                        
0.234917 0.14124 2.70163 4.94066                                                                                                                                                         
0.236397 0.14213 2.70163 4.94066                                                                                                                                                         
0.237878 0.14302 2.70164 4.94066                                                                                                                                                         
0.23936 0.143912 2.70164 4.94066                                                                                                                                                         
0.240844 0.144804 2.70164 4.94066                                                                                                                                                        
0.24233 0.145697 2.70164 4.94066                                                                                                                                                         
0.243816 0.146591 2.70164 4.94066                                                                                                                                                        
0.245304 0.147485 2.70164 4.94066                                                                                                                                                        
0.246794 0.148381 2.70164 4.94066                                                                                                                                                        
0.248285 0.149277 2.70164 4.94066                                                                                                                                                        
0.249777 0.150175 2.70163 4.94066                                                                                                                                                        
0.251271 0.151073 2.70163 4.94066                                                                                                                                                        
0.252767 0.151972 2.70163 4.94066                                                                                                                                                        
0.254264 0.152872 2.70163 4.94066                                                                                                                                                        
0.255762 0.153773 2.70163 4.94066                                                                                                                                                        
0.257262 0.154675 2.70163 4.94066                                                                                                                                                        
0.258764 0.155578 2.70163 4.94066                                                                                                                                                        
0.260267 0.156481 2.70163 4.94066                                                                                                                                                        
0.261771 0.157386 2.70164 4.94066                                                                                                                                                        
0.263277 0.158291 2.70164 4.94066                                                                                                                                                        
0.264785 0.159198 2.70164 4.94066                                                                                                                                                        
0.266294 0.160105 2.70164 4.94066                                                                                                                                                        
0.267805 0.161014 2.70164 4.94066                                                                                                                                                        
0.269318 0.161923 2.70164 4.94066                                                                                                                                                        
0.270832 0.162833 2.70164 4.94066                                                                                                                                                        
0.272347 0.163745 2.70163 4.94066                                                                                                                                                        
0.273865 0.164657 2.70163 4.94066                                                                                                                                                        
0.275384 0.16557 2.70163 4.94066                                                                                                                                                         
0.276905 0.166485 2.70163 4.94066                                                                                                                                                        
0.278427 0.1674 2.70163 4.94066                                                                                                                                                          
0.279951 0.168316 2.70163 4.94066                                                                                                                                                        
0.281477 0.169234 2.70163 4.94066                                                                                                                                                        
0.283005 0.170152 2.70164 4.94066                                                                                                                                                        
0.284534 0.171072 2.70164 4.94066                                                                                                                                                        
0.286066 0.171992 2.70164 4.94066                                                                                                                                                        
0.287598 0.172914 2.70164 4.94066                                                                                                                                                        
0.289133 0.173837 2.70164 4.94066                                                                                                                                                        
0.29067 0.174761 2.70164 4.94066                                                                                                                                                         
0.292208 0.175686 2.70164 4.94066                                                                                                                                                        
0.293748 0.176612 2.70163 4.94066                                                                                                                                                        
0.29529 0.177539 2.70163 4.94066                                                                                                                                                         
0.296834 0.178467 2.70163 4.94066                                                                                                                                                        
0.29838 0.179396 2.70163 4.94066                                                                                                                                                         
0.299928 0.180327 2.70163 4.94066                                                                                                                                                        
0.301477 0.181259 2.70163 4.94066                                                                                                                                                        
0.303029 0.182191 2.70163 4.94066                                                                                                                                                        
0.304582 0.183125 2.70163 4.94066                                                                                                                                                        
0.306138 0.18406 2.70163 4.94066                                                                                                                                                         
0.307695 0.184997 2.70163 4.94066                                                                                                                                                        
0.309254 0.185934 2.70163 4.94066                                                                                                                                                        
0.310816 0.186873 2.70163 4.94066                                                                                                                                                        
0.312379 0.187813 2.70163 4.94066                                                                                                                                                        
0.313944 0.188754 2.70163 4.94066                                                                                                                                                        
0.315512 0.189696 2.70163 4.94066                                                                                                                                                        
0.317081 0.19064 2.70163 4.94066                                                                                                                                                         
0.318653 0.191585 2.70163 4.94066                                                                                                                                                        
0.320226 0.192531 2.70163 4.94066                                                                                                                                                        
0.321802 0.193478 2.70163 4.94066                                                                                                                                                        
0.32338 0.194427 2.70163 4.94066                                                                                                                                                         
0.32496 0.195377 2.70163 4.94066                                                                                                                                                         
0.326542 0.196328 2.70163 4.94066                                                                                                                                                        
0.328126 0.197281 2.70162 4.94066                                                                                                                                                        
0.329712 0.198234 2.70162 4.94066                                                                                                                                                        
0.331301 0.19919 2.70162 4.94065                                                                                                                                                         
0.332892 0.200146 2.70162 4.94065                                                                                                                                                        
0.334485 0.201104 2.70161 4.94065                                                                                                                                                        
0.33608 0.202063 2.70161 4.94065                                                                                                                                                         
0.337678 0.203024 2.7016 4.94065                                                                                                                                                         
0.339278 0.203985 2.7016 4.94064                                                                                                                                                         
0.34088 0.204949 2.70159 4.94064                                                                                                                                                         
0.342484 0.205913 2.70158 4.94063                                                                                                                                                        
0.344091 0.206879 2.70157 4.94063                                                                                                                                                        
0.3457 0.207847 2.70156 4.94062                                                                                                                                                          
0.347312 0.208816 2.70155 4.94061                                                                                                                                                        
0.348925 0.209786 2.70154 4.94061                                                                                                                                                        
0.350542 0.210758 2.70152 4.94059                                                                                                                                                        
0.35216 0.211731 2.7015 4.94058                                                                                                                                                          
0.353781 0.212706 2.70147 4.94057                                                                                                                                                        
0.355405 0.213682 2.70144 4.94055                                                                                                                                                        
0.357031 0.214659 2.70141 4.94053                                                                                                                                                        
0.35866 0.215638 2.70137 4.94051                                                                                                                                                         
0.360291 0.216619 2.70132 4.94048                                                                                                                                                        
0.361924 0.217601 2.70126 4.94044                                                                                                                                                        
0.36356 0.218585 2.70119 4.9404                                                                                                                                                          
0.365199 0.21957 2.70111 4.94036                                                                                                                                                         
0.36684 0.220557 2.70102 4.9403                                                                                                                                                          
0.368484 0.221545 2.7009 4.94023                                                                                                                                                         
0.37013 0.222535 2.70077 4.94015                                                                                                                                                         
0.371779 0.223526 2.70061 4.94006                                                                                                                                                        
0.373431 0.224519 2.70042 4.93995                                                                                                                                                        
0.375085 0.225514 2.7002 4.93982                                                                                                                                                         
0.376742 0.22651 2.69993 4.93966                                                                                                                                                         
0.378402 0.227508 2.69962 4.93948                                                                                                                                                        
0.380064 0.228508 2.69925 4.93926                                                                                                                                                        
0.38173 0.229509 2.69881 4.93901                                                                                                                                                         
0.383398 0.230512 2.6983 4.9387                                                                                                                                                          
0.385068 0.231516 2.6977 4.93835                                                                                                                                                         
0.386742 0.232523 2.69699 4.93793                                                                                                                                                        
0.388418 0.233531 2.69615 4.93744                                                                                                                                                        
0.390098 0.23454 2.69516 4.93686                                                                                                                                                         
0.39178 0.235552 2.69401 4.93618                                                                                                                                                         
0.393465 0.236565 2.69266 4.93539                                                                                                                                                        
0.395153 0.23758 2.6911 4.93447                                                                                                                                                          
0.396844 0.238596 2.68929 4.9334                                                                                                                                                         
0.398538 0.239615 2.68719 4.93216                                                                                                                                                        
0.400234 0.240635 2.68477 4.93073                                                                                                                                                        
0.401934 0.241657 2.682 4.9291                                                                                                                                                           
0.403637 0.24268 2.67884 4.92723                                                                                                                                                         
0.405343 0.243706 2.67526 4.92512                                                                                                                                                        
0.407052 0.244734 2.67125 4.92275                                                                                                                                                        
0.408764 0.245763 2.66679 4.9201                                                                                                                                                         
0.410479 0.246794 2.66183 4.91716                                                                                                                                                        
0.412197 0.247827 2.65637 4.91392                                                                                                                                                        
0.413918 0.248862 2.65041 4.91037                                                                                                                                                        
0.415643 0.249899 2.64395 4.90652                                                                                                                                                        
0.417371 0.250938 2.63702 4.90239                                                                                                                                                        
0.419102 0.251978 2.62963 4.89797                                                                                                                                                        
0.420836 0.253021 2.62181 4.89329                                                                                                                                                        
0.422573 0.254066 2.61358 4.88835                                                                                                                                                        
0.424314 0.255112 2.60497 4.88317                                                                                                                                                        
0.426058 0.256161 2.59603 4.87777                                                                                                                                                        
0.427806 0.257212 2.58678 4.87218                                                                                                                                                        
0.429557 0.258264 2.57727 4.86642                                                                                                                                                        
0.431311 0.259319 2.56754 4.86051                                                                                                                                                        
0.433068 0.260376 2.55761 4.85446                                                                                                                                                        
0.434829 0.261434 2.5475 4.84829                                                                                                                                                         
0.436594 0.262495 2.53725 4.84202                                                                                                                                                        
0.438362 0.263558 2.52689 4.83565                                                                                                                                                        
0.440133 0.264623 2.51643 4.82921                                                                                                                                                        
0.441908 0.265691 2.50589 4.82271                                                                                                                                                        
0.443687 0.26676 2.49529 4.81614                                                                                                                                                         
0.445469 0.267831 2.48464 4.80953                                                                                                                                                        
0.447255 0.268905 2.47395 4.80287                                                                                                                                                        
0.449044 0.269981 2.46324 4.79618                                                                                                                                                        
0.450838 0.271059 2.45251 4.78946                                                                                                                                                        
0.452634 0.272139 2.44177 4.78271                                                                                                                                                        
0.454435 0.273222 2.43103 4.77594                                                                                                                                                        
0.456239 0.274307 2.42028 4.76915                                                                                                                                                        
0.458047 0.275394 2.40954 4.76234                                                                                                                                                        
0.459859 0.276483 2.39881 4.75552                                                                                                                                                        
0.461675 0.277575 2.3881 4.74868                                                                                                                                                         
0.463495 0.278669 2.3774 4.74184                                                                                                                                                         
0.465318 0.279765 2.36671 4.73498                                                                                                                                                        
0.467145 0.280864 2.35604 4.72811                                                                                                                                                        
0.468977 0.281965 2.34539 4.72123                                                                                                                                                        
0.470812 0.283069 2.33477 4.71435                                                                                                                                                        
0.472652 0.284174 2.32416 4.70746                                                                                                                                                        
0.474495 0.285283 2.31358 4.70056                                                                                                                                                        
0.476342 0.286393 2.30302 4.69366                                                                                                                                                        
0.478194 0.287507 2.29249 4.68675                                                                                                                                                        
0.48005 0.288622 2.28198 4.67984                                                                                                                                                         
0.48191 0.289741 2.2715 4.67292                                                                                                                                                          
0.483774 0.290861 2.26104 4.666                                                                                                                                                          
0.485642 0.291985 2.2506 4.65907                                                                                                                                                         
0.487515 0.293111 2.2402 4.65214                                                                                                                                                         
0.489391 0.294239 2.22982 4.6452                                                                                                                                                         
0.491273 0.29537 2.21947 4.63827                                                                                                                                                         
0.493158 0.296504 2.20914 4.63132                                                                                                                                                        
0.495048 0.29764 2.19885 4.62438                                                                                                                                                         
0.496942 0.298779 2.18858 4.61743                                                                                                                                                        
0.498841 0.29992 2.17834 4.61048                                                                                                                                                         
0.500744 0.301065 2.16813 4.60352                                                                                                                                                        
0.502652 0.302212 2.15795 4.59657                                                                                                                                                        
0.504565 0.303362 2.1478 4.58961                                                                                                                                                         
0.506482 0.304514 2.13769 4.58266                                                                                                                                                        
0.508403 0.305669 2.12761 4.5757                                                                                                                                                         
0.510329 0.306828 2.11756 4.56875                                                                                                                                                        
0.51226 0.307989 2.10756 4.56181                                                                                                                                                         
0.514196 0.309152 2.0976 4.55487                                                                                                                                                         
0.516137 0.310319 2.08768 4.54794                                                                                                                                                        
0.518082 0.311489 2.07781 4.54102                                                                                                                                                        
0.520032 0.312661 2.06799 4.53412                                                                                                                                                        
0.521987 0.313837 2.05824 4.52723                                                                                                                                                        
0.523947 0.315015 2.04855 4.52038                                                                                                                                                        
0.525912 0.316196 2.03894 4.51355                                                                                                                                                        
0.527882 0.317381 2.02941 4.50677                                                                                                                                                        
0.529857 0.318568 2.01998 4.50003                                                                                                                                                        
0.531837 0.319759 2.01067 4.49335                                                                                                                                                        
0.533822 0.320952 2.00149 4.48675                                                                                                                                                        
0.535812 0.322149 1.99246 4.48024                                                                                                                                                        
0.537808 0.323349 1.9836 4.47383                                                                                                                                                         
0.539809 0.324552 1.97494 4.46755                                                                                                                                                        
0.541815 0.325758 1.96652 4.46141                                                                                                                                                        
0.543826 0.326967 1.95836 4.45546                                                                                                                                                        
0.545843 0.32818 1.95051 4.44971                                                                                                                                                         
0.547865 0.329396 1.94298 4.44419                                                                                                                                                        
0.549893 0.330615 1.93583 4.43893                                                                                                                                                        
0.551926 0.331837 1.92909 4.43396                                                                                                                                                        
0.553965 0.333063 1.9228 4.42931                                                                                                                                                         
0.556009 0.334292 1.91699 4.425                                                                                                                                                          
0.558059 0.335524 1.91165 4.42104                                                                                                                                                        
0.560115 0.33676 1.90681 4.41744                                                                                                                                                         
0.562176 0.338 1.90247 4.4142                                                                                                                                                            
0.564243 0.339243 1.89863 4.41134                                                                                                                                                        
0.566316 0.340489 1.89526 4.40882                                                                                                                                                        
0.568395 0.341739 1.89232 4.40663                                                                                                                                                        
0.57048 0.342992 1.88979 4.40473                                                                                                                                                         
0.572571 0.344249 1.88764 4.40312                                                                                                                                                        
0.574667 0.34551 1.88581 4.40175                                                                                                                                                         
0.57677 0.346774 1.88428 4.4006                                                                                                                                                          
0.578879 0.348042 1.88301 4.39965                                                                                                                                                        
0.580994 0.349314 1.88194 4.39885                                                                                                                                                        
0.583116 0.350589 1.88106 4.39819                                                                                                                                                        
0.585243 0.351868 1.88034 4.39764                                                                                                                                                        
0.587377 0.353151 1.87975 4.3972                                                                                                                                                         
0.589518 0.354438 1.87926 4.39683                                                                                                                                                        
0.591664 0.355729 1.87887 4.39654                                                                                                                                                        
0.593818 0.357024 1.87855 4.3963                                                                                                                                                         
0.595978 0.358322 1.87829 4.3961                                                                                                                                                         
0.598144 0.359625 1.87807 4.39594                                                                                                                                                        
0.600317 0.360931 1.8779 4.39581                                                                                                                                                         
0.602497 0.362242 1.87777 4.39571                                                                                                                                                        
0.604683 0.363557 1.87765 4.39562                                                                                                                                                        
0.606877 0.364875 1.87756 4.39556                                                                                                                                                        
0.609077 0.366198 1.87749 4.3955                                                                                                                                                         
0.611284 0.367525 1.87743 4.39546                                                                                                                                                        
0.613499 0.368857 1.87739 4.39542                                                                                                                                                        
0.61572 0.370192 1.87735 4.39539                                                                                                                                                         
0.617949 0.371532 1.87732 4.39537                                                                                                                                                        
0.620184 0.372876 1.87729 4.39535                                                                                                                                                        
0.622427 0.374225 1.87728 4.39534                                                                                                                                                        
0.624677 0.375578 1.87726 4.39533                                                                                                                                                        
0.626935 0.376935 1.87725 4.39532                                                                                                                                                        
0.6292 0.378297 1.87724 4.39531                                                                                                                                                          
0.631473 0.379663 1.87723 4.3953                                                                                                                                                         
0.633753 0.381034 1.87722 4.3953                                                                                                                                                         
0.636041 0.38241 1.87722 4.3953                                                                                                                                                          
0.638337 0.38379 1.87721 4.39529                                                                                                                                                         
0.64064 0.385175 1.87721 4.39529                                                                                                                                                         
0.642952 0.386565 1.87721 4.39529                                                                                                                                                        
0.645271 0.387959 1.87721 4.39529                                                                                                                                                        
0.647598 0.389358 1.8772 4.39529                                                                                                                                                         
0.649933 0.390762 1.8772 4.39528                                                                                                                                                         
0.652277 0.392171 1.8772 4.39528                                                                                                                                                         
0.654629 0.393585 1.8772 4.39528                                                                                                                                                         
0.656989 0.395004 1.8772 4.39528                                                                                                                                                         
0.659357 0.396428 1.8772 4.39528                                                                                                                                                         
0.661734 0.397858 1.8772 4.39528                                                                                                                                                         
0.66412 0.399292 1.8772 4.39528                                                                                                                                                          
0.666514 0.400731 1.8772 4.39528                                                                                                                                                         
0.668917 0.402176 1.8772 4.39528                                                                                                                                                         
0.671329 0.403626 1.8772 4.39528                                                                                                                                                         
0.673749 0.405081 1.8772 4.39528                                                                                                                                                         
0.676179 0.406542 1.8772 4.39528                                                                                                                                                         
0.678618 0.408008 1.8772 4.39528                                                                                                                                                         
0.681065 0.40948 1.8772 4.39528                                                                                                                                                          
0.683522 0.410957 1.8772 4.39528                                                                                                                                                         
0.685989 0.41244 1.8772 4.39528                                                                                                                                                          
0.688464 0.413929 1.8772 4.39528                                                                                                                                                         
0.69095 0.415423 1.8772 4.39528                                                                                                                                                          
0.693445 0.416923 1.8772 4.39528                                                                                                                                                         
0.695949 0.418429 1.8772 4.39528                                                                                                                                                         
0.698464 0.41994 1.8772 4.39528                                                                                                                                                          
0.700988 0.421458 1.8772 4.39528                                                                                                                                                         
0.703522 0.422982 1.8772 4.39528                                                                                                                                                         
0.706066 0.424511 1.8772 4.39528                                                                                                                                                         
0.708621 0.426047 1.8772 4.39528                                                                                                                                                         
0.711186 0.427589 1.8772 4.39528                                                                                                                                                         
0.713761 0.429138 1.8772 4.39528                                                                                                                                                         
0.716347 0.430692 1.8772 4.39528                                                                                                                                                         
0.718943 0.432253 1.8772 4.39528                                                                                                                                                         
0.72155 0.433821 1.8772 4.39528                                                                                                                                                          
0.724168 0.435395 1.8772 4.39528                                                                                                                                                         
0.726797 0.436975 1.8772 4.39528                                                                                                                                                         
0.729437 0.438563 1.8772 4.39528                                                                                                                                                         
0.732088 0.440157 1.8772 4.39528                                                                                                                                                         
0.73475 0.441757 1.8772 4.39528                                                                                                                                                          
0.737424 0.443365 1.8772 4.39528                                                                                                                                                         
0.74011 0.444979 1.8772 4.39528                                                                                                                                                          
0.742807 0.446601 1.8772 4.39528                                                                                                                                                         
0.745516 0.44823 1.8772 4.39528                                                                                                                                                          
0.748236 0.449866 1.8772 4.39528                                                                                                                                                         
0.750969 0.451509 1.8772 4.39528                                                                                                                                                         
0.753714 0.453159 1.8772 4.39528                                                                                                                                                         
0.756472 0.454817 1.8772 4.39528                                                                                                                                                         
0.759242 0.456482 1.8772 4.39528                                                                                                                                                         
0.762024 0.458155 1.8772 4.39528                                                                                                                                                         
0.764819 0.459836 1.8772 4.39528                                                                                                                                                         
0.767627 0.461524 1.8772 4.39528                                                                                                                                                         
0.770448 0.46322 1.8772 4.39528                                                                                                                                                          
0.773282 0.464924 1.8772 4.39528                                                                                                                                                         
0.77613 0.466636 1.8772 4.39528                                                                                                                                                          
0.778991 0.468356 1.8772 4.39528                                                                                                                                                         
0.781866 0.470085 1.8772 4.39528                                                                                                                                                         
0.784754 0.471821 1.8772 4.39528                                                                                                                                                         
0.787657 0.473566 1.8772 4.39528                                                                                                                                                         
0.790573 0.47532 1.8772 4.39528                                                                                                                                                          
0.793504 0.477082 1.8772 4.39528                                                                                                                                                         
0.796449 0.478853 1.8772 4.39528                                                                                                                                                         
0.799409 0.480632 1.8772 4.39528                                                                                                                                                         
0.802384 0.482421 1.8772 4.39528                                                                                                                                                         
0.805373 0.484218 1.8772 4.39528                                                                                                                                                         
0.808378 0.486025 1.8772 4.39528                                                                                                                                                         
0.811398 0.487841 1.8772 4.39528                                                                                                                                                         
0.814434 0.489666 1.8772 4.39528                                                                                                                                                         
0.817486 0.4915 1.8772 4.39528                                                                                                                                                           
0.820553 0.493345 1.8772 4.39528                                                                                                                                                         
0.823636 0.495199 1.8772 4.39528                                                                                                                                                         
0.826736 0.497062 1.8772 4.39528                                                                                                                                                         
0.829852 0.498936 1.8772 4.39528                                                                                                                                                         
0.832986 0.50082 1.8772 4.39528                                                                                                                                                          
0.836136 0.502714 1.8772 4.39528                                                                                                                                                         
0.839303 0.504618 1.8772 4.39528                                                                                                                                                         
0.842487 0.506532 1.8772 4.39528
0.84569 0.508458 1.8772 4.39528
0.84891 0.510394 1.8772 4.39528
0.852148 0.512341 1.8772 4.39528
0.855405 0.514299 1.8772 4.39528
0.85868 0.516268 1.8772 4.39528
0.861974 0.518248 1.8772 4.39528
0.865287 0.52024 1.8772 4.39528
0.868619 0.522244 1.8772 4.39528
0.871971 0.524259 1.8772 4.39528
0.875343 0.526286 1.8772 4.39528
0.878735 0.528326 1.8772 4.39528
0.882148 0.530378 1.8772 4.39528
0.885581 0.532442 1.8772 4.39528
0.889036 0.534519 1.8772 4.39528
0.892511 0.536609 1.8772 4.39528
0.896009 0.538711 1.8772 4.39528
0.899528 0.540827 1.8772 4.39528
0.90307 0.542957 1.8772 4.39528
0.906634 0.5451 1.8772 4.39528
0.910222 0.547257 1.8772 4.39528
0.913833 0.549428 1.8772 4.39528
0.917467 0.551613 1.8772 4.39528
0.921125 0.553812 1.8772 4.39528
0.924808 0.556027 1.8772 4.39528
0.928516 0.558256 1.8772 4.39528
0.932249 0.5605 1.8772 4.39528
0.936007 0.56276 1.8772 4.39528
0.939792 0.565035 1.8772 4.39528
0.943603 0.567327 1.8772 4.39528
0.947441 0.569634 1.8772 4.39528
0.951306 0.571958 1.8772 4.39528
0.955199 0.574299 1.8772 4.39528
0.95912 0.576656 1.8772 4.39528
0.96307 0.579031 1.8772 4.39528
0.96705 0.581424 1.8772 4.39528
0.971059 0.583834 1.8772 4.39528
0.975098 0.586262 1.8772 4.39528
0.979168 0.588709 1.8772 4.39528
0.983269 0.591175 1.8772 4.39528
0.987402 0.59366 1.8772 4.39528
0.991568 0.596165 1.8772 4.39528
0.995767 0.59869 1.8772 4.39528
1 0.601234 1.8772 4.39528
