&coupling
cce_nzeromode=.true.  
cce_comm_density_mode=3
cce_side=1
cce_density_model=6
cce_folder='../coupling'
cce_first_surface=20
cce_first_surface_coupling_axis=30
cce_last_surface_coupling_axis=50
cce_first_surface_coupling= 80
cce_last_surface_coupling= 110
cce_last_surface=179
cce_all_surface_number=200
cce_field_model=0
cce_comm_field_mode=1
/
&surfaces
cce_surface_first_node(:)=1,2,28,86,144,202,260,318,376,491,606,721,836,951,1066,1181,1297,1413,1644,1875,2106,2338,2570,2802,3035,3268,3502,3736,3970,4205,4440,4676,4912,5149,5387,5863,6340,6819,7299,7781,8264,8749,9236,9724,10214,10706,11200,11696,12194,12694,13196,13700,14206,14714,15225,15738,16254,16772,17293,17816,18342,18871,19402,19936,20473,21013,21556,22102,22651,23204,23760,24319,24882,25448,26018,26591,27168,27749,28918,30094,31278,32470,33671,34880,36097,37323,38558,39802,41055,42317,43588,44869,46159,47459,48769,50090,51421,52762,54114,55477,56851,58236,59632,61040,62460,63891,65335,66791,68259,69740,71234,72741,74261,75794,77341,78902,80477,82066,83669,85287,86920,88568,90231,91910,93605,95316,97043,98786,100546,102323,104117,105928,107757,109604,111469,113352,115254,117175,119115,121075,123054,125053,127073,129113,131174,133256,135360,137485,139632,141802,143994,146209,148448,150710,152996,155307,157642,160002,162387,164798,167235,169698,172188,174705,177250,179823,182424,185053,187711,190399,193117,195289,197456,199625,201801,203984,206176,208378,210592,212818,215057,217309,219575,221855,224150,226461,228787,231130,233490,235866,238260,240672,243102,245551,248019,250506,253013,255540,258087,260655
cce_surface_last_node(:)=1,27,85,143,201,259,317,375,490,605,720,835,950,1065,1180,1296,1412,1643,1874,2105,2337,2569,2801,3034,3267,3501,3735,3969,4204,4439,4675,4911,5148,5386,5862,6339,6818,7298,7780,8263,8748,9235,9723,10213,10705,11199,11695,12193,12693,13195,13699,14205,14713,15224,15737,16253,16771,17292,17815,18341,18870,19401,19935,20472,21012,21555,22101,22650,23203,23759,24318,24881,25447,26017,26590,27167,27748,28917,30093,31277,32469,33670,34879,36096,37322,38557,39801,41054,42316,43587,44868,46158,47458,48768,50089,51420,52761,54113,55476,56850,58235,59631,61039,62459,63890,65334,66790,68258,69739,71233,72740,74260,75793,77340,78901,80476,82065,83668,85286,86919,88567,90230,91909,93604,95315,97042,98785,100545,102322,104116,105927,107756,109603,111468,113351,115253,117174,119114,121074,123053,125052,127072,129112,131173,133255,135359,137484,139631,141801,143993,146208,148447,150709,152995,155306,157641,160001,162386,164797,167234,169697,172187,174704,177249,179822,182423,185052,187710,190398,193116,195288,197455,199624,201800,203983,206175,208377,210591,212817,215056,217308,219574,221854,224149,226460,228786,231129,233489,235865,238259,240671,243101,245550,248018,250505,253012,255539,258086,260654,263243
/
&surface_psi
/

