 # psi_normal -- q_safety -- <(Bdl_par)^2> -- <B^2>
 0.0000000000000E+00  0.9330406567244E+00  0.0000000000000E+00  0.0000000000000E+00 
 0.7812500000000E-02  0.9330406567244E+00  0.4013485215118E-03  0.9572320751898E+00 
 0.1562500000000E-01  0.9378475539203E+00  0.7972562370971E-03  0.9399231139881E+00 
 0.2343750000000E-01  0.9423967752183E+00  0.1187921583910E-02  0.9267439267793E+00 
 0.3125000000000E-01  0.9473514086201E+00  0.1572079886629E-02  0.9157356939344E+00 
 0.3906250000000E-01  0.9527443657061E+00  0.1948911711328E-02  0.9061003678375E+00 
 0.4687500000000E-01  0.9584787325549E+00  0.2318317089553E-02  0.8973985056834E+00 
 0.5468750000000E-01  0.9644831676169E+00  0.2680180599216E-02  0.8894412971969E+00 
 0.6250000000000E-01  0.9707342698775E+00  0.3034321023926E-02  0.8820475241991E+00 
 0.7031250000000E-01  0.9771870545450E+00  0.3380885790869E-02  0.8751154430066E+00 
 0.7812500000000E-01  0.9838321062310E+00  0.3719792861993E-02  0.8685624366443E+00 
 0.8593750000000E-01  0.9906601618696E+00  0.4051037956720E-02  0.8623406655858E+00 
 0.9375000000000E-01  0.9976465404270E+00  0.4374778314114E-02  0.8564035647934E+00 
 0.1015625000000E+00  0.1004785366664E+01  0.4691089863715E-02  0.8507050394038E+00 
 0.1093750000000E+00  0.1012075846940E+01  0.4999912635430E-02  0.8452217097988E+00 
 0.1171875000000E+00  0.1019513067909E+01  0.5301332935782E-02  0.8399360672298E+00 
 0.1250000000000E+00  0.1027091897374E+01  0.5595470839082E-02  0.8348127401009E+00 
 0.1328125000000E+00  0.1034810255422E+01  0.5882380180002E-02  0.8298543741685E+00 
 0.1406250000000E+00  0.1042664805634E+01  0.6162133106071E-02  0.8250279669133E+00 
 0.1484375000000E+00  0.1050656451848E+01  0.6434839481796E-02  0.8203348703240E+00 
 0.1562500000000E+00  0.1058781755265E+01  0.6700538367499E-02  0.8157567939001E+00 
 0.1640625000000E+00  0.1067043744762E+01  0.6959368969013E-02  0.8112830537199E+00 
 0.1718750000000E+00  0.1075439607596E+01  0.7211329403972E-02  0.8069161904675E+00 
 0.1796875000000E+00  0.1083972266421E+01  0.7456555562219E-02  0.8026370117189E+00 
 0.1875000000000E+00  0.1092641862924E+01  0.7695109653198E-02  0.7984414461684E+00 
 0.1953125000000E+00  0.1101452038893E+01  0.7927007019785E-02  0.7943320780762E+00 
 0.2031250000000E+00  0.1110400172164E+01  0.8152387907793E-02  0.7902947229710E+00 
 0.2109375000000E+00  0.1119487721064E+01  0.8371370469083E-02  0.7863261439418E+00 
 0.2187500000000E+00  0.1128717785027E+01  0.8584034205684E-02  0.7824235144875E+00 
 0.2265625000000E+00  0.1138093491485E+01  0.8790391228778E-02  0.7785825123198E+00 
 0.2343750000000E+00  0.1147613254196E+01  0.8990566166483E-02  0.7747984270181E+00 
 0.2421875000000E+00  0.1157281579751E+01  0.9184601461153E-02  0.7710685988618E+00 
 0.2500000000000E+00  0.1167099375208E+01  0.9372616412125E-02  0.7673907045115E+00 
 0.2578125000000E+00  0.1177072395994E+01  0.9554602134845E-02  0.7637642164972E+00 
 0.2656250000000E+00  0.1187202612977E+01  0.9730692646711E-02  0.7601824510751E+00 
 0.2734375000000E+00  0.1197487497487E+01  0.9901018603976E-02  0.7566426606582E+00 
 0.2812500000000E+00  0.1207930664469E+01  0.1006563958730E-01  0.7531450689127E+00 
 0.2890625000000E+00  0.1218537341461E+01  0.1022458013007E-01  0.7496879817347E+00 
 0.2968750000000E+00  0.1229315125510E+01  0.1037782735046E-01  0.7462696697228E+00 
 0.3046875000000E+00  0.1240261431085E+01  0.1052562909592E-01  0.7428827856225E+00 
 0.3125000000000E+00  0.1251376983269E+01  0.1066802870906E-01  0.7395321052440E+00 
 0.3203125000000E+00  0.1262668613244E+01  0.1080503728912E-01  0.7362148244765E+00 
 0.3281250000000E+00  0.1274140174300E+01  0.1093670808952E-01  0.7329300931036E+00 
 0.3359375000000E+00  0.1285797122202E+01  0.1106313843031E-01  0.7296729147212E+00 
 0.3437500000000E+00  0.1297638873362E+01  0.1118444248186E-01  0.7264417107385E+00 
 0.3515625000000E+00  0.1309668741282E+01  0.1130068746969E-01  0.7232391516474E+00 
 0.3593750000000E+00  0.1321892274251E+01  0.1141191513563E-01  0.7200644961040E+00 
 0.3671875000000E+00  0.1334318601290E+01  0.1151813190038E-01  0.7169131040736E+00 
 0.3750000000000E+00  0.1346945865568E+01  0.1161950105692E-01  0.7137823713098E+00 
 0.3828125000000E+00  0.1359776132379E+01  0.1171610959127E-01  0.7106770111704E+00 
 0.3906250000000E+00  0.1372818143006E+01  0.1180794757709E-01  0.7075953868769E+00 
 0.3984375000000E+00  0.1386081223032E+01  0.1189503707094E-01  0.7045325492108E+00 
 0.4062500000000E+00  0.1399561156942E+01  0.1197759037117E-01  0.7014871868611E+00 
 0.4140625000000E+00  0.1413264833666E+01  0.1205560998838E-01  0.6984628715131E+00 
 0.4218750000000E+00  0.1427200773027E+01  0.1212910544443E-01  0.6954590659371E+00 
 0.4296875000000E+00  0.1441375821521E+01  0.1219816697930E-01  0.6924700367072E+00 
 0.4375000000000E+00  0.1455789967352E+01  0.1226291404875E-01  0.6894962179291E+00 
 0.4453125000000E+00  0.1470449356887E+01  0.1232338209451E-01  0.6865406616837E+00 
 0.4531250000000E+00  0.1485362835803E+01  0.1237959032704E-01  0.6836032562251E+00 
 0.4609375000000E+00  0.1500538561816E+01  0.1243161854276E-01  0.6806758264060E+00 
 0.4687500000000E+00  0.1515976052671E+01  0.1247958712140E-01  0.6777626952597E+00 
 0.4765625000000E+00  0.1531682767010E+01  0.1252353198872E-01  0.6748655315934E+00 
 0.4843750000000E+00  0.1547671457575E+01  0.1256342110863E-01  0.6719838058254E+00 
 0.4921875000000E+00  0.1563945020835E+01  0.1259944788789E-01  0.6691082251305E+00 
 0.5000000000000E+00  0.1580506867434E+01  0.1263165739697E-01  0.6662463205622E+00 
 0.5078125000000E+00  0.1597369464594E+01  0.1266002025064E-01  0.6633980336178E+00 
 0.5156250000000E+00  0.1614540525871E+01  0.1268461534029E-01  0.6605625946772E+00 
 0.5234375000000E+00  0.1632025391056E+01  0.1270559308444E-01  0.6577313889655E+00 
 0.5312500000000E+00  0.1649831695699E+01  0.1272294642248E-01  0.6549123434498E+00 
 0.5390625000000E+00  0.1667968626608E+01  0.1273671874264E-01  0.6521053921303E+00 
 0.5468750000000E+00  0.1686447562529E+01  0.1274696624503E-01  0.6493085004341E+00 
 0.5546875000000E+00  0.1705273811626E+01  0.1275381678018E-01  0.6465147146158E+00 
 0.5625000000000E+00  0.1724456665333E+01  0.1275728811154E-01  0.6437315373738E+00 
 0.5703125000000E+00  0.1744009210622E+01  0.1275736742717E-01  0.6409579970845E+00 
 0.5781250000000E+00  0.1763938787030E+01  0.1275420556723E-01  0.6381931085789E+00 
 0.5859375000000E+00  0.1784254957143E+01  0.1274787055789E-01  0.6354297469463E+00 
 0.5937500000000E+00  0.1804970217309E+01  0.1273834203735E-01  0.6326751888906E+00 
 0.6015625000000E+00  0.1826096193693E+01  0.1272566599896E-01  0.6299293737665E+00 
 0.6093750000000E+00  0.1847642225441E+01  0.1270996973588E-01  0.6271919855536E+00 
 0.6171875000000E+00  0.1869623102096E+01  0.1269129767527E-01  0.6244537754661E+00 
 0.6250000000000E+00  0.1892047997585E+01  0.1266967922918E-01  0.6217230277363E+00 
 0.6328125000000E+00  0.1914931023398E+01  0.1264514138341E-01  0.6189985976018E+00 
 0.6406250000000E+00  0.1938286357118E+01  0.1261779200954E-01  0.6162805127144E+00 
 0.6484375000000E+00  0.1962128432046E+01  0.1258769456880E-01  0.6135640697651E+00 
 0.6562500000000E+00  0.1986471419503E+01  0.1255482840608E-01  0.6108501025234E+00 
 0.6640625000000E+00  0.2011330059041E+01  0.1251928219379E-01  0.6081421427309E+00 
 0.6718750000000E+00  0.2036719675754E+01  0.1248113746044E-01  0.6054399450868E+00 
 0.6796875000000E+00  0.2062655802048E+01  0.1244043574978E-01  0.6027428085788E+00 
 0.6875000000000E+00  0.2089158328962E+01  0.1239721297680E-01  0.6000420534664E+00 
 0.6953125000000E+00  0.2116245474858E+01  0.1235148234000E-01  0.5973447774853E+00 
 0.7031250000000E+00  0.2143931114452E+01  0.1230336787912E-01  0.5946516933419E+00 
 0.7109375000000E+00  0.2172235256063E+01  0.1225291680829E-01  0.5919624519939E+00 
 0.7187500000000E+00  0.2201183534482E+01  0.1220011053732E-01  0.5892773392805E+00 
 0.7265625000000E+00  0.2230794277992E+01  0.1214505549688E-01  0.5865901148378E+00 
 0.7343750000000E+00  0.2261086900071E+01  0.1208781713616E-01  0.5839017251059E+00 
 0.7421875000000E+00  0.2292088045937E+01  0.1202839145313E-01  0.5812164418153E+00 
 0.7500000000000E+00  0.2323820011282E+01  0.1196685396011E-01  0.5785338214250E+00 
 0.7578125000000E+00  0.2356306413494E+01  0.1190327323763E-01  0.5758538702156E+00 
 0.7656250000000E+00  0.2389579164538E+01  0.1183763376760E-01  0.5731743650619E+00 
 0.7734375000000E+00  0.2423659390020E+01  0.1177009588940E-01  0.5704904258730E+00 
 0.7812500000000E+00  0.2458581101238E+01  0.1170062695775E-01  0.5678074170792E+00 
 0.7890625000000E+00  0.2494369712336E+01  0.1162928744180E-01  0.5651254969909E+00 
 0.7968750000000E+00  0.2531063748927E+01  0.1155609803322E-01  0.5624427286374E+00 
 0.8046875000000E+00  0.2568687958023E+01  0.1148119452379E-01  0.5597590953472E+00 
 0.8125000000000E+00  0.2607287870249E+01  0.1140454145284E-01  0.5570770632061E+00 
 0.8203125000000E+00  0.2646890779912E+01  0.1132621708219E-01  0.5543947219876E+00 
 0.8281250000000E+00  0.2687544689715E+01  0.1124626997357E-01  0.5517088828857E+00 
 0.8359375000000E+00  0.2729282898411E+01  0.1116476910448E-01  0.5490215994640E+00 
 0.8437500000000E+00  0.2772153689512E+01  0.1108171354593E-01  0.5463330191841E+00 
 0.8515625000000E+00  0.2816199199375E+01  0.1099720161504E-01  0.5436385952637E+00 
 0.8593750000000E+00  0.2861469651921E+01  0.1091125066313E-01  0.5409454116193E+00 
 0.8671875000000E+00  0.2908015036919E+01  0.1082388061892E-01  0.5382497066445E+00 
 0.8750000000000E+00  0.2955890139929E+01  0.1073519334506E-01  0.5355498550750E+00 
 0.8828125000000E+00  0.3005152442605E+01  0.1064520261561E-01  0.5328508600675E+00 
 0.8906250000000E+00  0.3055859604335E+01  0.1055397137023E-01  0.5301448879795E+00 
 0.8984375000000E+00  0.3108078648377E+01  0.1046153519097E-01  0.5274386228153E+00 
 0.9062500000000E+00  0.3161872091266E+01  0.1036792652808E-01  0.5247275515343E+00 
 0.9140625000000E+00  0.3217318328554E+01  0.1027323039534E-01  0.5220131701677E+00 
 0.9218750000000E+00  0.3274492070130E+01  0.1017746118454E-01  0.5192962808148E+00 
 0.9296875000000E+00  0.3333471665629E+01  0.1008069997938E-01  0.5165742545424E+00 
 0.9375000000000E+00  0.3394337434834E+01  0.9982998388146E-02  0.5138490850085E+00 
 0.9453125000000E+00  0.3457191127479E+01  0.9884407157623E-02  0.5111188550006E+00 
 0.9531250000000E+00  0.3522132051142E+01  0.9784859906577E-02  0.5083811457596E+00 
 0.9609375000000E+00  0.3589326411041E+01  0.9683998804517E-02  0.5056350674289E+00 
 0.9687500000000E+00  0.3659068369242E+01  0.9581076760995E-02  0.5028797292059E+00 
 0.9765625000000E+00  0.3731756434118E+01  0.9475258915704E-02  0.5001402301512E+00 
 0.9843750000000E+00  0.3807060061199E+01  0.9369812449302E-02  0.4974286975264E+00 
 0.9921875000000E+00  0.3881227532961E+01  0.9281285614845E-02  0.4946739269370E+00 
 0.1000000000000E+01  0.3945571061526E+01  0.9241086486735E-02  0.0000000000000E+00 
